10
46 19
61 61 100 57 38 5 25 27 66 55 83 77 21 35 29 78 12 95 93 20 64 39 57 6 15 49 69 42 67 50 15 13 27 40 57 43 79 66 54 68 75 85 49 19 4 42 
7 37
4 28
7 35
7 22
29 42
35 43
2 11
24 35
9 33
2 28
21 23
23 24
14 24
1 25
6 21
2 15
5 42
3 43
5 19
9 44
93 48 8 23 100 95 70 56 45 
1 9
9 9
2 6
1 3
3 7
1 5
1 5
2 8
6 9
4 6
1 3
5 8
1 6
4 7
6 9
5 7
5 7
4 8
2 2
4 6
7 9
2 4
3 8
3 8
2 7
5 6
2 6
5 9
2 7
2 6
1 8
1 8
4 7
1 8
4 8
8 9
4 7
2 3
6 7
3 4
4 5
4 6
1 7
1 6
37 29
52 7 11 69 8 17 7 69 100 12 62 99 40 76 66 39 51 79 88 21 74 46 11 27 58 9 41 16 21 93 88 73 51 35 91 13 49 
6 19
26 35
2 33
2 34
8 11
1 11
14 37
5 32
25 35
14 29
23 26
13 32
21 22
28 32
14 29
8 10
21 22
12 26
20 29
25 35
3 26
9 32
16 27
21 32
6 13
10 34
7 24
1 35
34 36
46 27
7 80 85 72 31 90 54 28 70 75 96 50 96 40 64 47 65 40 8 30 17 92 87 54 19 23 41 90 44 46 11 56 45 91 59 58 32 33 26 81 27 39 47 39 51 58 
19 20
4 22
29 39
23 42
26 33
8 17
2 28
23 40
39 42
9 9
21 21
5 25
2 5
11 14
25 40
26 35
28 35
24 33
30 45
24 27
10 17
17 24
7 15
25 33
2 34
22 44
17 42
16 5
71 60 42 49 31 20 37 19 62 82 57 81 58 38 53 23 
1 4
4 16
8 13
7 12
2 3
45 1
11 9 71 78 92 89 85 24 82 91 96 10 95 8 29 86 19 30 10 29 64 29 69 82 60 62 80 44 41 7 64 56 82 13 34 100 21 9 62 40 81 99 59 89 94 
37 40
15 14
19 74 51 24 21 52 17 47 16 12 33 32 40 15 13 
6 10
5 14
9 11
5 11
5 15
2 5
2 4
3 6
13 14
12 15
3 4
8 10
2 5
9 14
22 13
81 50 27 78 92 29 18 23 76 12 55 7 34 58 66 18 5 32 1 55 4 76 
5 5
5 9
19 19
11 21
5 13
14 21
5 14
2 3
10 22
2 12
6 11
8 16
5 6
40 12
30 3 50 39 34 51 95 91 69 67 51 91 91 45 75 27 61 64 83 4 47 33 78 13 64 38 52 19 46 62 95 45 60 18 64 31 49 89 4 46 
17 19
24 39
11 23
17 20
10 32
10 11
10 32
5 9
4 6
33 35
7 21
2 25
37 45
44 7 61 22 47 50 70 17 38 71 79 90 61 15 5 54 27 61 22 53 29 66 10 7 85 4 59 97 57 55 9 85 44 56 74 19 94 
14 18
4 4
21 34
20 25
19 23
14 18
9 13
3 25
17 29
6 36
2 26
10 33
10 16
13 14
22 29
8 18
10 20
11 30
11 29
7 12
10 10
1 1
12 26
6 34
15 37
14 23
20 28
20 33
27 27
1 2
18 33
14 17
21 37
15 16
31 31
13 31
10 36
15 27
32 36
3 15
18 31
10 13
26 30
12 15
3 28
